~
0 0 8 3 
0.8 0.7 -0.7 
-0.7 0.8 -0.2 
0.1 0.6 0.2 
1 0.3 0.2 
0.1 -0.7 0.2 
-1 0.1 0.7 
-0.6 0 0.8 
0.9 0.5 0.4 
~
0 1 8 1 
1 
0.4 
-0.6 
-0.7 
0.2 
-0.4 
-0.6 
0.7 

~
1 0 6 8 
0.803 -18.748 -0.249 0.151 -0.237 -1.594 -5.929 0.751 
7.638 5.718 -3.223 -3.923 -1.738 10.741 -11.383 -3.523 
-11.772 -1.752 -0.034 0.266 0.417 2.435 2.043 1.466 
5.608 -2.288 -3.411 -3.311 6.398 -9.838 10.89 -2.311 
0.696 0.168 -0.625 -0.625 -9.041 -3.892 -5.703 0.675 
3.812 3.965 -6.258 -6.158 -1.449 2.339 13.774 -5.758 
~
1 1 6 1 
-0.449 
-2.923 
-0.234 
-3.311 
0.175 
-4.558 

