3 8 6 
~
0 0 3 8 1 0 1397644077 1869377347 1635210098 1399350132 1651864163 1232233826 1450009972 544695657 1869377379 23922 0 0 1397644077 1869377347 1635210098 1399350132 1651864163 1232233826 1450009972 544695657 
0 0 0 0 0 0 0 0 0 0 0 0 0 0 0 0 0 0 0 0 0 0 0 0 
~
0 1 1 8 1 3758096384 1397644077 1969450820 1953391981 1869903169 1702257011 1953789250 1931505263 1867412581 1685015918 1866755169 1701672291 1917154414 980578162 93 730630501 32767 1397644077 1969450820 1953391981 1869903169 
0 0 0 0 0 0 0 0 
~
1 0 8 6 1 0 1397644077 1869377347 1635210098 1399350132 1651864163 1232233826 1450009972 544695657 1869377379 23922 0 0 1397644077 1869377347 1635210098 1399350132 1651864163 1232233826 1450009972 544695657 
-0.0131366 0.0318842 -4.35281e+33 0 7.37197e-34 0 -1.78486e+11 -2.0305e+12 -0.0058471 0.0141737 -1.93745e+33 0 3.28128e-34 0 -7.9444e+10 -9.0377e+11 -0.0187322 -0.0574382 -6.20686e+33 0 1.0512e-33 0 -2.54511e+11 -2.89539e+12 -0.00734673 -0.0496976 -2.43434e+33 0 4.12283e-34 0 -9.98193e+10 -1.13556e+12 0.0172022 -0.00548747 5.69982e+33 0 -9.65332e-34 0 2.33722e+11 2.65891e+12 -0.00363965 -0.0125203 -1.20601e+33 0 2.04251e-34 0 -4.94518e+10 -5.62569e+11 
~
1 1 1 6 1 3758096384 1397644077 1969450820 1953391981 1869903169 1702257011 1953789250 1931505263 1867412581 1685015918 1866755169 1701672291 1917154414 980578162 93 730630501 32767 1397644077 1969450820 1953391981 1869903169 
-0.0262733 -0.0116942 -0.0374643 -0.0146935 0.0344043 -0.0072793 
