3 8 6 
~
0 0 3 8 1 0 3 8 0 0 0 0 0 0 6 0 0 0 0 0 0 0 3 0 0 0 
0 0 0 0 0 0 0 0 0 0 0 0 0 0 0 0 0 0 0 0 0 0 0 0 
~
0 1 1 8 1 0 5260416 1 0 0 0 0 0 0 0 0 0 0 0 0 0 0 0 0 0 0 
0 0 0 0 0 0 0 0 
~
1 0 8 6 1 0 8 6 268764177 536870912 5260416 1 0 0 0 0 0 0 0 0 0 0 0 0 0 0 
-0.00497405 -0.00836212 -1.64814e+33 0 2.79131e-34 0 -6.75816e+10 -7.6883e+11 0.0129931 -0.00471735 4.30521e+33 0 -7.29136e-34 0 1.76535e+11 2.00832e+12 0.000364752 -0.0137009 1.20855e+32 0 -2.04682e-35 0 4.95575e+09 5.63801e+10 -0.00282891 -0.0115558 -9.3735e+32 0 1.58751e-34 0 -3.8436e+10 -4.37259e+11 -0.00497405 -0.0173457 -1.64814e+33 0 2.79131e-34 0 -6.75816e+10 -7.6883e+11 -0.00302331 0.0112991 -1.00176e+33 0 1.6966e-34 0 -4.10773e+10 -4.67308e+11 
~
1 1 1 6 1 536870912 5260416 1 5260448 1 0 0 0 0 0 0 0 0 0 0 0 0 0 0 0 0 
-0.00994811 0.0259862 0.000729505 -0.00565782 -0.00994811 -0.00604663 
