~
0 0 8 3 
0.8 0.7 -0.7 
-0.7 0.8 -0.2 
0.1 0.6 0.2 
1 0.3 0.2 
0.1 -0.7 0.2 
-1 0.1 0.7 
-0.6 0 0.8 
0.9 0.5 0.4 
~
0 1 8 1 
1 
0.4 
-0.6 
-0.7 
0.2 
-0.4 
-0.6 
0.7 

~
1 0 6 8 
0.807759 -25.1541 -0.274671 0.125329 -0.194446 -1.6244 -6.36294 0.725329 
9.32746 5.81515 -3.84922 -4.54922 -1.7754 12.5609 -12.9787 -4.14922 
-12.148 -1.83093 0.0114795 0.311481 0.448971 2.5049 2.09242 1.51148 
6.29748 -2.30012 -3.98041 -3.88041 7.71984 -11.1078 12.4954 -2.88041 
0.750406 0.412597 -0.573058 -0.573058 -9.46148 -4.07516 -5.97505 0.726942 
3.67248 4.26553 -6.73061 -6.63061 -1.52913 2.50789 15.4796 -6.23061 
~
1 1 6 1 
-0.474671 
-3.54922 
-0.188519 
-3.88041 
0.226942 
-5.03061 

